6.1556044
2.7601278
1.2993727
.66087097
.37793055
.25056347
.19183946
.16360563
.14900623
.14055948
58.543808
38.35167
23.69558
14.487401
10.409485
8.777428
7.307945
6.1338153
5.334258
5.1195397
50.41495
35.584354
24.192553
15.71356
9.753917
5.9889474
4.016581
3.0630398
2.6634166
2.34737
5.660372
3.9524064
2.9475448
2.3308196
1.8111172
1.416013
1.1918647
1.0769768
.8653359
.88029456
7.1670213
5.1547966
3.761058
2.897397
2.388493
2.105914
1.9069561
1.7331556
1.5761256
1.4376924
7.3358874
5.89075
4.718267
3.7847166
3.0481095
2.4802504
2.0393813
1.6874541
1.4342136
1.2593573
4.1594725
3.091303
2.2694933
1.7081681
1.442821
1.2910159
1.1845083
1.1004046
1.0309864
.9719106
3.2133698
2.7272663
2.3033495
1.9413906
1.6684687
1.4589051
1.2971028
1.1764768
1.0799499
.9988676
1.5300356
1.2762725
1.0991641
.9791968
.892394
.82614005
.77322066
.7292944
.6928328
.6622948
1.054547
.9728515
.89974904
.8341892
.7764256
.72506607
.6790959
.6380338
.6015579
.569766
.3874345
.36132187
.39590827
.3572799
.4077095
.3660182
.33387297
.4231267
.36682343
.44334552
.23221342
.20807914
.19963138
.19485202
.19125283
.18827987
.18570785
.18342201
.18132629
.17940664
.13559665
.12662932
.12063402
.116430335
.113379695
.11106114
.10924949
.10780828
.10661438
.10560428
.07219083
.070192225
.068480425
.066997826
.06570541
.064568855
.0635629
.06266689
.061865322
.061144996
.026460553
.026343467
.026233986
.026131433
.026034934
.025943767
.025857396
.025775611
.025697954
.025624042
.011703136
.011674219
.0116458535
.011618091
.011590877
.011564158
.011537942
.01151219
.011486886
.011462015
.004246235
.0042434963
.0042407806
.0042380877
.0042354176
.0042327694
.0042301426
.004227537
.0042249546
.0042223944
.0013682048
.0013679733
.0013677428
.0013675132
.0013672845
.0013670566
.0013668296
.0013666035
.0013663783
.0013661538
.0004324028
.00043237614
.00043234954
.00043232294
.0004322964
.0004322699
.00043224343
432217e-9
.0004321906
.0004321642
.00012793356
.00012793123
.00012792891
.00012792659
.00012792426
.00012792194
.00012791961
.0001279173
.00012791497
.00012791266
35785622e-12
35785408e-12
35785193e-12
3578498e-11
35784764e-12
3578455e-11
3578433e-11
35784116e-12
357839e-10
35783687e-12
980229e-11
9802274e-12
98022565e-13
9802239e-12
9802223e-12
9802206e-12
9802188e-12
9802172e-12
9802155e-12
9802138e-12
25026388e-13
25026377e-13
25026366e-13
25026354e-13
25026343e-13
25026332e-13
2502632e-12
25026309e-13
25026297e-13
25026286e-13
6292889e-13
6292888e-13
6292887e-13
62928865e-14
6292886e-13
62928854e-14
6292884e-13
62928837e-14
6292883e-13
6292882e-13
14463785e-14
14463785e-14
14463785e-14
14463784e-14
14463784e-14
14463784e-14
14463784e-14
14463782e-14
14463782e-14
14463782e-14
32375407e-15
32375407e-15
32375407e-15
32375404e-15
32375404e-15
32375404e-15
32375404e-15
32375404e-15
32375404e-15
32375404e-15
6921751e-15
6921751e-15
6921751e-15
6921751e-15
6921751e-15
6921751e-15
6921751e-15
6921751e-15
6921751e-15
6921751e-15
14154571e-16
14154571e-16
14154571e-16
14154571e-16
14154571e-16
14154571e-16
14154571e-16
14154571e-16
14154571e-16
14154571e-16
27805921e-17
27805921e-17
27805921e-17
27805921e-17
27805921e-17
27805921e-17
27805921e-17
27805921e-17
27805921e-17
27805921e-17
5242164e-17
5242164e-17
5242164e-17
5242164e-17
5242164e-17
5242164e-17
5242164e-17
5242164e-17
5242164e-17
5242164e-17
9512644e-18
9512644e-18
9512644e-18
9512644e-18
9512644e-18
9512644e-18
9512644e-18
9512644e-18
9512644e-18
9512644e-18
16552233e-19
16552233e-19
16552233e-19
16552233e-19
16552233e-19
16552233e-19
16552233e-19
16552233e-19
16552233e-19
16552233e-19
27797553e-20
27797553e-20
27797553e-20
27797553e-20
27797553e-20
27797553e-20
27797553e-20
27797553e-20
27797553e-20
27797553e-20
45161805e-21
45161805e-21
45161805e-21
45161805e-21
45161805e-21
45161805e-21
45161805e-21
45161805e-21
45161805e-21
45161805e-21
7146805e-21
7146805e-21
7146805e-21
7146805e-21
7146805e-21
7146805e-21
7146805e-21
7146805e-21
7146805e-21
7146805e-21
11129115e-22
11129115e-22
11129115e-22
11129115e-22
11129115e-22
11129115e-22
11129115e-22
11129115e-22
11129115e-22
11129115e-22
17206746e-23
17206746e-23
17206746e-23
17206746e-23
17206746e-23
17206746e-23
17206746e-23
17206746e-23
17206746e-23
17206746e-23
26581322e-24
26581322e-24
26581322e-24
26581322e-24
26581322e-24
26581322e-24
26581322e-24
26581322e-24
26581322e-24
26581322e-24
41446046e-25
41446046e-25
41446046e-25
41446046e-25
41446046e-25
41446046e-25
41446046e-25
41446046e-25
41446046e-25
41446046e-25
6890287e-25
6890287e-25
6890287e-25
6890287e-25
6890287e-25
6890287e-25
6890287e-25
6890287e-25
6890287e-25
6890287e-25
11357313e-26
11357313e-26
11357313e-26
11357313e-26
11357313e-26
11357313e-26
11357313e-26
11357313e-26
11357313e-26
11357313e-26
20981196e-27
20981196e-27
20981196e-27
20981196e-27
20981196e-27
20981196e-27
20981196e-27
20981196e-27
20981196e-27
20981196e-27
12082776e-28
12082776e-28
12082776e-28
12082776e-28
12082776e-28
12082776e-28
12082776e-28
12082776e-28
12082776e-28
12082776e-28
15112871e-29
15112871e-29
15112871e-29
15112871e-29
15112871e-29
15112871e-29
15112871e-29
15112871e-29
15112871e-29
15112871e-29
25818097e-30
25818097e-30
25818097e-30
25818097e-30
25818097e-30
25818097e-30
25818097e-30
25818097e-30
25818097e-30
25818097e-30
80535776e-32
80535776e-32
80535776e-32
80535776e-32
80535776e-32
80535776e-32
80535776e-32
80535776e-32
80535776e-32
80535776e-32
22546415e-33
22546415e-33
22546415e-33
22546415e-33
22546415e-33
22546415e-33
22546415e-33
22546415e-33
22546415e-33
22546415e-33
1050003e-33
1050003e-33
1050003e-33
1050003e-33
1050003e-33
1050003e-33
1050003e-33
1050003e-33
1050003e-33
1050003e-33
25925706e-35
25925706e-35
25925706e-35
25925706e-35
25925706e-35
25925706e-35
25925706e-35
25925706e-35
25925706e-35
25925706e-35
18851042e-35
18851042e-35
18851042e-35
18851042e-35
18851042e-35
18851042e-35
18851042e-35
18851042e-35
18851042e-35
18851042e-35
13000255e-35
13000255e-35
13000255e-35
13000255e-35
13000255e-35
13000255e-35
13000255e-35
13000255e-35
13000255e-35
13000255e-35
30788377e-36
30788377e-36
30788377e-36
30788377e-36
30788377e-36
30788377e-36
30788377e-36
30788377e-36
30788377e-36
30788377e-36
51016485e-37
51016485e-37
51016485e-37
51016485e-37
51016485e-37
51016485e-37
51016485e-37
51016485e-37
51016485e-37
51016485e-37
13204882e-38
13204882e-38
13204882e-38
13204882e-38
13204882e-38
13204882e-38
13204882e-38
13204882e-38
13204882e-38
13204882e-38
8794409e-39
8794409e-39
8794409e-39
8794409e-39
8794409e-39
8794409e-39
8794409e-39
8794409e-39
8794409e-39
8794409e-39
28613968e-40
28613968e-40
28613968e-40
28613968e-40
28613968e-40
28613968e-40
28613968e-40
28613968e-40
28613968e-40
28613968e-40
36323028e-42
36323028e-42
36323028e-42
36323028e-42
36323028e-42
36323028e-42
36323028e-42
36323028e-42
36323028e-42
36323028e-42
21631686e-43
21631686e-43
21631686e-43
21631686e-43
21631686e-43
21631686e-43
21631686e-43
21631686e-43
21631686e-43
21631686e-43
15786838e-44
15786838e-44
15786838e-44
15786838e-44
15786838e-44
15786838e-44
15786838e-44
15786838e-44
15786838e-44
15786838e-44
